Bogføringsdato;Beløb;Posteringstype;Reference;Løbende_saldo;Statuskonto
20250502;321,48;OVERFØRSEL MV.;Overførsel mv. GC102104433;285324604,11;90540000
20250502;-20.008,00;CAP;Sygedagpenge;288263626,19;90540000
20250502;-4.020,96;CAP;Cap NKS-KY;288283634,19;90540000
20250502;-4,00;GEBYR UDLAND;Gebyr udland 3512206775GEB   NCHG;288287655,15;90540000
20250502;-3.230,42;UDENLANDSK OVERFØRSEL;Udenl. overf. 3512206775      NTRF;288287659,15;90540000
20250502;-31.284,03;CAP;NKS-KY;288290889,57;90540000
20250502;-5.623,43;CAP;NKS-KY;288322173,60;90540000
20250502;-9.741,33;CAP;NKS-KY;288327797,03;90540000
20250502;-5.497,81;CAP;Cap NKS-KY;288337538,36;90540000
20250502;-12.878,82;CAP;NKS-KY;288343036,17;90540000
20250502;-528,00;CAP;Cap NKS-KY;288355914,99;90540000
20250502;-87,90;CAP;Cap NKS-KY;288356442,99;90540000
20250502;-2.689,00;CAP;Cap NKS-KY;288356530,89;90540000
20250502;-13.308,55;CAP;NKS-KY;288359219,89;90540000
20250502;-5.687,93;CAP;Cap NKS-KY;288372528,44;90540000
20250502;1.003.872,49;OVERFØRSEL;Overførsel 3000000000010105251     Meddelnr. 02338054725122;288378216,37;90540000
20250502;-17.671,22;CAP;Rekvireret udbetalin;287374343,88;90540000
20250502;-1.316.677,21;CAP;Leverandørudbetaling;287392015,10;90540000
20250502;-1.347.135,08;CAP;Leverandørudbetaling;288708692,31;90540000
20250502;-600,00;CAP;Cap Foreningstilskud;290055827,39;90540000
20250502;75.115,59;INDBETALINGSKORT;Indbetalingskort K 89182816-01.05;290056427,39;90540000
20250502;178,05;INDBETALINGSKORT;Indbetalingskort K 89182816-30.04;289981311,80;90540000
20250502;246.776,70;INDBETALINGSKORT;Indbetalingskort K 86446707-01.05;289981133,75;90540000
20250502;3.060,00;INDBETALINGSKORT;Indbetalingskort K 86136228-01.05;289734357,05;90540000
20250502;4.977.682,73;INDBETALINGSKORT;Indbetalingskort K 84788767-01.05;289731297,05;90540000
20250502;-1.561,84;CAP;NKS-KY;284753614,32;90540000
20250502;-29.921,87;CAP;RG-250505 29 ACONTO;284755176,16;90540000
20250502;-550.688,18;CAP;NKS-KY;284785098,03;90540000
20250502;-30,61;CAP;NKS-KY;285335786,21;90540000
20250502;-411,15;CAP;Cap NKS-KY;285335816,82;90540000
20250502;-224,52;CAP;Cap NKS-KY;285336227,97;90540000
20250502;-2.294,58;CAP;Cap RJ-250505 29 ACONTO;285336452,49;90540000
20250502;290,00;DANKORT-SALG;Dankort-salg 01.05 6256651 4LSFF2;285338747,07;90540000
20250502;1.034,00;DANKORT-SALG;Dankort-salg 01.05 6256651 2R0L0F;285338457,07;90540000
20250502;894,00;DANKORT-SALG;Dankort-salg 01.05 6256651 Z4TU0V;285337423,07;90540000
20250502;894,00;DANKORT-SALG;Dankort-salg 01.05 6256651 UB5XI6;285336529,07;90540000
20250502;1.034,00;DANKORT-SALG;Dankort-salg 01.05 6256651 R48K4R;285335635,07;90540000
20250502;290,00;DANKORT-SALG;Dankort-salg 01.05 6256651 Q2NS85;285334601,07;90540000
20250502;290,00;DANKORT-SALG;Dankort-salg 01.05 6256651 MGVK0V;285334311,07;90540000
20250502;894,00;DANKORT-SALG;Dankort-salg 01.05 6256651 KNA84B;285334021,07;90540000
20250502;150,00;DANKORT-SALG;Dankort-salg 01.05 6256651 FGZT3A;285333127,07;90540000
20250502;1.034,00;DANKORT-SALG;Dankort-salg 01.05 6256651 CRYN78;285332977,07;90540000
20250502;390,00;DANKORT-SALG;Dankort-salg 01.05 6201830 319550;285331943,07;90540000
20250502;81,00;DANKORT-SALG;Dankort-salg 01.05 5991390 215250;285331553,07;90540000
20250502;76,00;DANKORT-SALG;Dankort-salg 01.05 5891507 278750;285331472,07;90540000
20250502;60,00;DANKORT-SALG;Dankort-salg 01.05 5887356 165950;285331396,07;90540000
20250502;2.828,00;DANKORT-SALG;Dankort-salg 01.05 5846102 814550;285331336,07;90540000
20250502;95,40;DANKORT-SALG;Dankort-salg 01.05 5541042 019441;285328508,07;90540000
20250502;150,00;DANKORT-SALG;Dankort-salg 01.05 5078318 2817;285328412,67;90540000
20250502;750,00;DANKORT-SALG;Dankort-salg 01.05 5078318 2815;285328262,67;90540000
20250502;300,00;DANKORT-SALG;Dankort-salg 01.05 5078318 2814;285327512,67;90540000
20250502;-680,00;DANKORT-SALG;Dankort-salg 01.05 5078318 2808;285327212,67;90540000
20250502;-300,00;DANKORT-SALG;Dankort-salg 01.05 5078318 2806;285327892,67;90540000
20250502;193,00;DANKORT-SALG;Dankort-salg 01.05 4922735 208929;285328192,67;90540000
20250502;240,00;DANKORT-SALG;Dankort-salg 01.05 4922735 208929;285327999,67;90540000
20250502;120,00;DANKORT-SALG;Dankort-salg 01.05 4922735 208551;285327759,67;90540000
20250502;393,00;DANKORT-SALG;Dankort-salg 01.05 4922735 208551;285327639,67;90540000
20250502;936,00;DANKORT-SALG;Dankort-salg 01.05 4922735 208542;285327246,67;90540000
20250502;120,00;DANKORT-SALG;Dankort-salg 01.05 4922735 208542;285326310,67;90540000
20250502;223,00;DANKORT-SALG;Dankort-salg 01.05 4922735 208393;285326190,67;90540000
20250502;120,00;DANKORT-SALG;Dankort-salg 01.05 4922735 208393;285325967,67;90540000
20250502;17,00;DANKORT-SALG;Dankort-salg 01.05 4922735 208373;285325847,67;90540000
20250502;373,00;DANKORT-SALG;Dankort-salg 01.05 4922735 208371;285325830,67;90540000
20250502;120,00;DANKORT-SALG;Dankort-salg 01.05 4922735 208371;285325457,67;90540000
20250502;30,00;DANKORT-SALG;Dankort-salg 01.05 4922735 208370;285325337,67;90540000
20250502;179,00;DANKORT-SALG;Dankort-salg 01.05 4922735 208369;285325307,67;90540000
20250502;123,00;DANKORT-SALG;Dankort-salg 01.05 4922735 208279;285325128,67;90540000
20250502;97,00;DANKORT-SALG;Dankort-salg 01.05 4922735 208245;285325005,67;90540000
20250502;114,00;DANKORT-SALG;Dankort-salg 01.05 4922735 208235;285324908,67;90540000
20250502;183,00;DANKORT-SALG;Dankort-salg 01.05 4922735 208234;285324794,67;90540000
20250502;161,00;DANKORT-SALG;Dankort-salg 01.05 4922735 208228;285324611,67;90540000
20250502;76,00;DANKORT-SALG;Dankort-salg 01.05 4922735 208202;285324450,67;90540000
20250502;82,00;DANKORT-SALG;Dankort-salg 01.05 4922735 208196;285324374,67;90540000
20250502;401,00;DANKORT-SALG;Dankort-salg 01.05 4922735 208170;285324292,67;90540000
20250502;236,00;DANKORT-SALG;Dankort-salg 01.05 4922735 208166;285323891,67;90540000
20250502;524,00;DANKORT-SALG;Dankort-salg 01.05 4922735 208161;285323655,67;90540000
20250502;33,00;DANKORT-SALG;Dankort-salg 01.05 4922735 208160;285323131,67;90540000
20250502;11,00;DANKORT-SALG;Dankort-salg 01.05 4922735 208158;285323098,67;90540000
20250502;135,00;DANKORT-SALG;Dankort-salg 01.05 4922735 208157;285323087,67;90540000
20250502;120,00;DANKORT-SALG;Dankort-salg 01.05 4922735 208147;285322952,67;90540000
20250502;282,00;DANKORT-SALG;Dankort-salg 01.05 4922735 208147;285322832,67;90540000
20250502;272,00;DANKORT-SALG;Dankort-salg 01.05 4922735 208141;285322550,67;90540000
20250502;120,00;DANKORT-SALG;Dankort-salg 01.05 4922735 208141;285322278,67;90540000
20250502;124,00;DANKORT-SALG;Dankort-salg 01.05 4922735 208139;285322158,67;90540000
20250502;146,00;DANKORT-SALG;Dankort-salg 01.05 4922735 208109;285322034,67;90540000
20250502;16,00;DANKORT-SALG;Dankort-salg 01.05 4922735 208069;285321888,67;90540000
20250502;1.478,00;DANKORT-SALG;Dankort-salg 01.05 4922735 208069;285321872,67;90540000
20250502;2.860,00;DANKORT-SALG;Dankort-salg 01.05 4862899 925750;285320394,67;90540000
20250502;4.740,00;DANKORT-SALG;Dankort-salg 01.05 4862899 088750;285317534,67;90540000
20250502;160,00;DANKORT-SALG;Dankort-salg 01.05 3796930 590750;285312794,67;90540000
20250502;1.434,00;DANKORT-SALG;Dankort-salg 01.05 3796930 041050;285312634,67;90540000
20250502;2.534,00;DANKORT-SALG;Dankort-salg 01.05 3796914 880150;285311200,67;90540000
20250502;182,00;DANKORT-SALG;Dankort-salg 01.05 3796892 673350;285308666,67;90540000
20250502;323,00;DANKORT-SALG;Dankort-salg 01.05 3796884 623850;285308484,67;90540000
20250502;33,00;DANKORT-SALG;Dankort-salg 01.05 3796868 574550;285308161,67;90540000
20250502;242,00;DANKORT-SALG;Dankort-salg 01.05 3796817 779750;285308128,67;90540000
20250502;44,00;DANKORT-SALG;Dankort-salg 01.05 3796795 279150;285307886,67;90540000
20250502;178,00;DANKORT-SALG;Dankort-salg 01.05 3796671 706550;285307842,67;90540000
20250502;165,00;DANKORT-SALG;Dankort-salg 01.05 3796663 988350;285307664,67;90540000
20250502;-1.000,00;BS BETALING;Bs betaling KON konto 0970205918;285307499,67;90540000
20250502;-14.009,71;BS BETALING;Bs betaling KON konto 0970205918;285308499,67;90540000
20250502;-2.094,73;BS BETALING;Bs betaling KON konto 0970205918;285322509,38;90540000
20250502;45.441,00;OVERFØRSEL;MSS Professional A/S               Meddelnr. 02337443925122;285324282,63;90540000
20250502;2.838,00;OVERFØRSEL;Overførsel Bidrag;285278841,63;90540000
20250502;1.914.410,54;OVERFØRSEL;Overførsel 184888084273 Gældst;285276003,63;90540000
20250502;397,44;OVERFØRSEL;Overf. Skattestyrels               Meddelnr. 02335857925122;283361593,09;90540000
20250502;113,67;OVERFØRSEL;Overførsel Nets 0529 8674335;283361195,65;90540000
20250502;610,54;OVERFØRSEL;Overførsel Nets 0605 8537995;283361081,98;90540000
20250502;2.171.750,00;OVERFØRSEL;Puljesag: 145340 - P               Meddelnr. 02335631325122;283360471,44;90540000
20250502;77,69;OVERFØRSEL;Overførsel 2025-03 Vindstød;281188721,44;90540000
20250502;78.990,85;OVERFØRSEL;Overførsel INSTNR:80149477;281188643,75;90540000
20250502;2.132,34;OVERFØRSEL;Overførsel INSTNR:80150496;281109652,90;90540000
20250502;40.352,22;OVERFØRSEL;Overførsel                         Meddelnr. 02331602225122;281107520,56;90540000
20250502;344.250,52;OVERFØRSEL;Overførsel                         Meddelnr. 02331583625122;281067168,34;90540000
20250502;1.000.000,00;OVERFØRSEL;MUE80W.2023-0030-1                 Meddelnr. 02328571125122;280722917,82;90540000
20250502;1.473,16;OVERFØRSEL;Udbetaling Danmark                 Meddelnr. 02328562125122;279722917,82;90540000
20250502;15.850,00;OVERFØRSEL;Udbetaling Danmark                 Meddelnr. 02328561625122;279721444,66;90540000
20250502;16.865,28;OVERFØRSEL;Udbetaling Danmark                 Meddelnr. 02328525825122;279705594,66;90540000
20250502;150,00;OVERFØRSEL;Overførsel N42250770296;279688729,38;90540000
20250502;450.468.835,31;OVERFØRSEL;0019;279688579,38;90540000
20250502;840,00;OVERFØRSEL;Overførsel N54102770178;-170780255,93;90540000
20250502;3.811,38;OVERFØRSEL;Overførsel N36549770446;-170781095,93;90540000
20250502;33.365,19;OVERFØRSEL;Overførsel N27026770279;-170784907,31;90540000
20250502;495,05;MOBILEPAY;Mobilepay 2000452160010105258;-170818272,50;90540000
20250502;69,30;MOBILEPAY;Mobilepay 2000311450010105258;-170818767,55;90540000
20250502;488,50;MOBILEPAY;Mobilepay 2020498350010105251;-170818836,85;90540000
20250502;105,00;MOBILEPAY;Mobilepay 2020471040010105258;-170819325,35;90540000
20250502;130,00;MOBILEPAY;Mobilepay 2020421200010105255;-170819430,35;90540000
20250502;79,00;MOBILEPAY;Mobilepay 2020443930010105257;-170819560,35;90540000
20250502;52,00;MOBILEPAY;Mobilepay 2020325480010105252;-170819639,35;90540000
20250502;148,00;MOBILEPAY;Mobilepay 2020320950010105253;-170819691,35;90540000
20250502;165.491,22;MOBILEPAY;Mobilepay 4000000000010105250;-170819839,35;90540000
20250502;336,00;MOBILEPAY;Mobilepay 2020314620010105256;-170985330,57;90540000
20250502;315,00;MOBILEPAY;Mobilepay 2020219860010105250;-170985666,57;90540000
20250502;432,00;MOBILEPAY;Mobilepay 2020249660010105255;-170985981,57;90540000
20250502;17,00;MOBILEPAY;Mobilepay 2020190910010105258;-170986413,57;90540000
20250502;223,00;MOBILEPAY;Mobilepay 2020094080010105255;-170986430,57;90540000

